  0.02      0      0     62
  0.03      0      0     61
  0.05      0      0     59
  0.06      0      0     58
  0.08      0      0     55
  0.09      0      0     52
  0.10      0      0     49
  0.11      0      0     45
  0.12      0      0     40
  0.13      0      0     40
  0.14      0      0     39
  0.15      0      0     38
  0.16      1      0     36
  0.17      1      0     34
  0.18      1      0     31
  0.19      1      0     30
  0.20      3      0     30
  0.21      4      0     28
  0.22      6      0     23
  0.23      8      0     21
  0.24      9      0     18
  0.25     10      0     14
  0.26     12      0     13
  0.27     13      0     13
  0.28     16      0     13
  0.29     19      0     11
  0.30     23      1     10
  0.31     23      1     10
  0.32     24      1     10
  0.33     25      1      8
  0.34     25      1      8
  0.35     30      1      7
  0.36     32      0      7
  0.37     37      0      6
  0.38     43      0      6
  0.39     45      0      6
  0.40     54      0      6
  0.41     59      0      6
  0.42     66      0      5
  0.43     70      0      5
  0.44     76      0      5
  0.45     78      0      5
  0.46     82      0      3
  0.47     92      0      3
  0.48     98      0      3
  0.49    106      0      3
  0.50    107      0      3
  0.51    111      0      3
  0.52    118      0      3
  0.53    127      0      3
  0.54    135      0      3
  0.55    140      0      3
  0.56    152      0      3
  0.57    160      0      3
  0.58    179      0      3
  0.59    197      0      3
  0.60    201      0      1
  0.61    208      0      1
  0.62    218      0      1
  0.63    226      0      1
  0.64    239      0      1
  0.65    254      0      1
  0.66    262      0      1
  0.67    274      1      1
  0.68    289      1      1
  0.69    299      1      1
  0.70    317      1      1
  0.71    322      1      1
  0.72    324      1      1
  0.73    336      1      1
  0.74    358      1      1
  0.75    373      1      1
  0.76    383      1      1
  0.77    396      1      1
  0.78    408      1      1
  0.79    417      1      1
  0.80    440      1      1
  0.81    461      1      1
  0.82    473      1      1
  0.83    498      1      1
  0.84    513      1      1
  0.85    533      1      1
  0.86    561      2      1
  0.87    582      2      1
  0.88    607      2      1
  0.89    616      2      1
  0.90    619      2      1
  0.91    665      2      1
  0.92    675      2      1
  0.93    714      2      1
  0.94    744      2      1
  0.95    757      2      1
  0.96    773      2      1
  0.97    802      2      1
  0.98    831      2      1
  0.99    868      2      1
  1.00    889      2      1
  1.01    906      2      1
  1.02    926      2      1
  1.03    952      2      1
  1.04    973      2      1
  1.05   1010      2      1
  1.06   1022      2      1
  1.07   1062      2      1
  1.08   1108      2      1
  1.09   1135      2      1
  1.10   1160      2      1
  1.11   1192      2      1
  1.12   1228      2      1
  1.13   1265      2      1
  1.14   1298      2      1
  1.15   1340      2      1
  1.16   1381      2      1
  1.17   1405      2      1
  1.18   1457      2      1
  1.19   1527      2      1
  1.20   1613      2      1
  1.21   1640      2      1
  1.22   1647      2      1
  1.23   1695      2      1
  1.24   1722      2      1
  1.25   1793      2      1
  1.26   1843      2      1
  1.27   1889      2      1
  1.28   1955      2      1
  1.29   2009      2      1
  1.30   2027      2      1
  1.31   2077      2      1
  1.32   2099      2      1
  1.33   2129      2      1
  1.34   2152      2      1
  1.35   2195      2      1
  1.36   2231      2      1
  1.37   2274      2      1
  1.38   2313      2      1
  1.39   2352      2      1
  1.40   2380      2      1
  1.41   2439      2      1
  1.42   2490      2      1
  1.43   2579      2      1
  1.44   2659      2      1
  1.45   2716      2      1
  1.46   2762      2      1
  1.47   2828      2      1
  1.48   2925      2      1
  1.49   2987      2      1
  1.50   3046      2      1
  1.51   3112      2      1
  1.52   3160      2      1
  1.53   3238      2      1
  1.54   3286      2      1
  1.55   3324      2      1
  1.56   3361      2      1
  1.57   3411      2      1
  1.58   3454      2      1
  1.59   3555      1      1
  1.60   3689      1      1
  1.61   3785      1      1
  1.62   3832      1      1
  1.63   3892      1      1
  1.64   3967      0      1
  1.65   4110      0      1
  1.66   4237      0      1
  1.67   4394      0      1
  1.68   4511      0      1
  1.69   4677      0      1
  1.70   4755      0      1
  1.71   4938      0      1
  1.72   5063      0      1
  1.73   5209      0      1
  1.74   5277      0      1
  1.75   5337      0      1
  1.76   5576      0      1
  1.77   5742      0      1
  1.78   6000      0      1
  1.79   6215      0      1
  1.80   6429      0      1
  1.81   6625      0      1
  1.82   6689      0      1
  1.83   7107      0      1
  1.84   7333      0      1
  1.85   7632      0      1
  1.86   7786      0      1
  1.87   8064      0      1
  1.88   8311      0      1
  1.89   8669      0      1
  1.90   8837      0      1
  1.91   9069      0      1
  1.92   9269      0      1
  1.93   9667      0      1
  1.94  10071      0      1
  1.95  10239      0      1
  1.96  10460      0      1
  1.97  10787      0      1
  1.98  10918      0      1
  1.99  11363      0      1
  2.00  11677      0      1
  2.01  12097      0      1
  2.02  12327      0      1
  2.03  12464      0      1
  2.04  12744      0      1
  2.05  12968      0      1
  2.06  13153      0      1
  2.07  13267      0      1
  2.08  13482      0      1
  2.09  13787      0      1
  2.10  13997      0      1
  2.11  14229      0      1
  2.12  14391      0      1
  2.13  14445      0      1
  2.14  14607      0      1
  2.15  14770      0      1
  2.16  14970      0      1
  2.17  15230      0      1
  2.18  15290      0      1
  2.19  15409      0      1
  2.20  15723      0      1
  2.21  15789      0      1
  2.22  16026      0      1
  2.23  16087      0      1
  2.24  16316      0      1
  2.25  16391      0      1
  2.26  16546      0      1
  2.27  16647      0      1
  2.28  16691      0      1
  2.29  16714      0      1
  2.30  16781      0      1
  2.31  16930      0      1
  2.32  17127      0      1
  2.33  17256      0      1
  2.34  17309      0      1
  2.35  17571      0      1
  2.36  17656      0      1
  2.37  17791      0      1
  2.38  17996      0      1
  2.39  18150      0      1
  2.40  18258      0      1
  2.41  18374      0      1
  2.42  18398      0      1
  2.43  18428      0      1
  2.44  18502      0      1
  2.45  18751      0      1
  2.46  18951      0      1
  2.47  19149      0      1
  2.48  19408      0      1
  2.49  19438      0      1
  2.50  19693      0      1
  2.51  19824      0      1
  2.52  19955      0      1
  2.53  20043      0      1
  2.54  20259      0      1
  2.55  20467      0      1
  2.56  20532      0      1
  2.57  20690      0      1
  2.58  20855      0      1
  2.59  20922      0      1
  2.60  21242      0      1
  2.61  21318      0      1
  2.62  21487      0      1
  2.63  21544      0      1
  2.64  21653      0      1
  2.65  21753      0      1
  2.66  21925      0      1
  2.67  22056      0      1
  2.68  22264      0      1
  2.69  22565      0      1
  2.70  22762      0      1
  2.71  22914      0      1
  2.72  22980      0      1
  2.73  23151      0      1
  2.74  23266      0      1
  2.76  23418      0      1
  2.77  23485      0      1
  2.78  23557      0      1
  2.79  23701      0      1
  2.80  23775      0      1
  2.81  23954      0      1
  2.82  24021      0      1
  2.83  24129      0      1
  2.84  24243      0      1
  2.85  24358      0      1
  2.86  24591      0      1
  2.87  24627      0      1
  2.88  24702      0      1
  2.89  24741      0      1
  2.90  25015      0      1
  2.91  25088      0      1
  2.92  25152      0      1
  2.93  25272      0      1
  2.94  25384      0      1
  2.95  25464      0      1
  2.96  25584      0      1
  2.97  25799      0      1
  2.98  25955      0      1
  3.00  26066      0      1
  3.02  26138      0      1
  3.03  26214      0      1
  3.04  26330      0      1
  3.05  26489      0      1
  3.06  26517      0      1
  3.07  26660      0      1
  3.08  26740      0      1
  3.09  26815      0      1
  3.10  26960      0      1
  3.11  27065      0      1
  3.12  27207      0      1
  3.13  27247      0      1
  3.14  27314      0      1
  3.15  27493      0      1
  3.16  27615      0      1
  3.18  27803      0      1
  3.19  27953      0      1
  3.20  28109      0      1
  3.21  28230      0      1
  3.22  28311      0      1
  3.23  28485      0      1
  3.24  28706      0      1
  3.25  28832      0      1
  3.26  29035      0      1
  3.27  29149      0      1
  3.28  29362      0      1
  3.29  29405      0      1
  3.30  29612      0      1
  3.31  29858      0      1
  3.32  30062      0      1
  3.33  30279      0      1
  3.34  30367      0      1
  3.35  30713      0      1
  3.36  30799      0      1
  3.37  30851      0      1
  3.38  30938      0      1
  3.39  31021      0      1
  3.40  31190      0      1
  3.41  31361      0      1
  3.42  31579      0      1
  3.43  31747      0      1
  3.45  31941      0      1
  3.46  31983      0      1
  3.47  32201      0      1
  3.48  32246      0      1
  3.49  32336      0      1
  3.50  32519      0      1
  3.51  32604      0      1
  3.53  32693      0      1
  3.54  32923      0      1
  3.56  33054      0      1
  3.57  33145      0      1
  3.58  33426      0      1
  3.59  33567      0      1
  3.60  33703      0      1
  3.61  33850      0      1
  3.62  33940      0      1
  3.63  34126      0      1
  3.64  34266      0      1
  3.65  34311      0      1
  3.66  34550      0      1
  3.67  34835      0      1
  3.68  34980      0      1
  3.69  35030      0      1
  3.70  35225      0      1
  3.72  35370      0      1
  3.73  35568      0      1
  3.74  35764      0      1
  3.75  35914      0      1
  3.76  36166      0      1
  3.77  36271      0      1
  3.78  36479      0      1
  3.79  36583      0      1
  3.80  36790      0      1
  3.81  36842      0      1
  3.82  37051      0      1
  3.83  37261      0      1
  3.84  37423      0      1
  3.85  37532      0      1
  3.86  37638      0      1
  3.87  37693      0      1
  3.88  37744      0      1
  3.89  37959      0      1
  3.90  38121      0      1
  3.91  38231      0      1
  3.92  38397      0      1
  3.93  38507      0      1
  3.95  38562      0      1
  3.98  38728      0      1
  3.99  38785      0      1
  4.00  38953      0      1
  4.01  39008      0      1
  4.02  39124      0      1
  4.04  39239      0      1
  4.05  39297      0      1
  4.08  39356      0      1
  4.09  39471      0      1
  4.11  39531      0      1
  4.14  39590      0      1
  4.18  39650      0      1
  4.20  39711      0      1
